268
324
188
470
768
529
55
810
4
103
845
849
597
875
166
171
263
83
424
841
758
557
312
735
705
916
897
956
536
328
794
871
734
306
121
16
521
705
61
744
238
395
658
990
202
980
558
638
292
204
680
208
534
192
312
427
842
751
545
852
816
71
235
863
901
812
358
152
32
388
736
159
447
930
247
790
902
908
731
752
991
691
642
191
317
592
127
970
106
398
533
473
609
751
397
207
702
862
991
859
401
246
84
515
553
861
146
645
37
865
226
99
798
990
19
819
336
864
761
608
143
619
896
344
278
821
226
459
387
725
792
589
143
250
365
656
241
978
774
201
858
182
182
69
875
158
534
671
130
670
850
1
580
196
190
45
172
237
47
103
986
524
750
9
606
758
143
850
995
549
8
20
610
78
765
896
107
345
680
369
120
925
861
273
269
165
44
572
183
411
344
831
805
95
364
756
572
229
517
717
108
640
595
675
896
991
353
474
331
178
771
346
581
704
575
101
294
665
485
376
377
787
928
920
865
435
918
682
338
946
716
350
734
370
723
721
344
123
255
150
957
494
133
321
654
117
428
144
162
109
205
261
265
353
653
916
563
564
161
54
294
154
408
912
679
732
380
739
671
919
114
528
543
800
138
744
575
446
416
853
119
67
416
905
537
648
265
945
613
757
496
549
28
418
189
303
393
12
514
77
873
999
616
909
619
132
4
132
179
728
103
162
640
370
179
102
445
22
825
858
637
658
455
955
863
876
30
727
73
366
986
954
169
367
995
79
79
887
401
200
630
247
780
27
641
619
785
713
546
717
896
355
22
111
922
315
108
373
497
140
844
445
375
919
540
251
440
748
270
101
988
113
125
463
548
242
742
740
742
93
948
635
948
656
19
466
582
266
446
57
848
954
332
85
526
608
845
287
707
735
363
888
41
299
764
620
731
836
19
905
335
335
758
34
655
86
122
300
526
851
266
276
927
158
687
386
1
560
353
151
920
988
732
911
445
617
694
858
917
382
868
877
727
235
444
671
878
967
430
627
734
843
780
650
812
803
224
617
518
396
444
830
882
119
820
827
763
744
296
229
445
51
469
276
642
956
636
598
301
673
242
218
715
358
854
902
593
501
922
694
49
48
665
106
390
468
558
778
199
724
173
624
409
831
251
442
236
647
295
27
575
983
292
646
16
384
679
462
644
696
907
892
844
535
76
205
128
223
928
375
877
976
665
329
747
838
8
445
434
344
43
690
186
301
551
154
193
380
449
60
758
944
14
247
189
614
242
21
492
885
5
87
954
9
802
946
615
28
913
166
495
250
572
319
872
591
327
298
58
15
464
510
206
209
806
612
15
321
158
260
534
377
81
301
49
163
65
769
795
877
50
763
303
106
781
270
14
705
992
771
328
268
137
294
191
167
569
862
542
219
478
991
537
150
344
190
623
297
677
648
369
646
23
919
998
891
715
210
687
136
294
824
254
208
704
761
612
399
154
633
303
65
19
402
954
587
278
493
262
48
319
364
743
202
389
287
497
323
402
417
569
510
892
342
248
191
664
835
906
660
397
762
261
359
987
673
141
497
199
46
860
252
918
905
39
652
326
542
835
908
492
429
622
865
352
512
899
197
110
552
237
210
741
237
188
480
10
768
694
221
695
638
220
64
508
779
485
722
615
288
513
866
512
556
819
604
133
850
977
773
189
836
640
461
544
852
729
841
587
211
824
364
498
608
275
417
861
54
15
584
669
154
901
130
776
736
404
995
447
657
841
764
401
971
945
33
825
917
663
789
179
261
560
232
908
129
307
707
558
318
311
840
162
32
357
448
176
422
301
242
578
289
60
813
848
441
642
595
292
68
26
122
125
132
410
327
873
172
82
521
107
367
482
24
612
452
508
216
269
706
193
798
843
324
856
485
435
42
816
885
221
428
854
641
670
547
74
364
397
805
812
416
455
276
772
666
661
869
23
229
579
408
157
9
124
513
871
864
449
897
447
637
16
585
656
145
225
101
452
459
196
993
843
99
70
35
81
108
723
844
73
588
629
820
965
137
162
889
176
585
187
284
10
438
921
208
450
636
867
967
403
793
370
499
245
888
893
318
100
937
808
839
518
392
415
762
349
985
545
434
68
421
504
45
143
676
596
532
131
319
647
638
212
488
395
464
293
217
264
827
498
533
770
273
546
831
846
885
232
325
213
271
225
168
762
73
320
427
13
786
500
174
266
12
43
622
723
787
208
722
722
356
311
468
843
239
218
762
974
699
460
345
722
869
778
677
693
13
546
295
568
429
523
420
615
990
508
629
871
256
904
320
431
894
551
419
841
68
225
752
898
487
659
593
909
543
787
841
142
267
392
917
289
793
715
749
795
704
522
531
169
116
531
911
829
989
798
652
647
453
19
19
703
188
194
946
72
202
113
832
184
176
768
528
893
427
928
95
890
86
570
219
838
266
837
491
541
197
471
605
656
109
116
120
416
991
956
14
152
97
511
421
784
904
980
363
766
542
391
628
511
595
664
266
723
791
856
15
942
562
199
273
634
584
217
786
466
124
543
339
186
352
241
725
810
734
513
844
745
519
491
945
918
581
360
370
810
286
730
304
801
248
994
692
864
795
165
790
48
416
917
908
992
724
195
380
841
896
523
462
634
161
944
369
444
743
118
49
416
460
414
65
749
482
876
938
438
521
540
616
583
997
219
757
143
24
130
677
913
385
693
990
54
304
338
497
197
228
309
481
930
827
184
775
476
598
472
456
175
631
443
212
954
720
245
827
276
665
585
133
464
556
277
446
551
641
542
621
772
649
386
192
498
34
21
678
282
158
955
16
921
448
445
309
318
940
590
376
273
738
741
184
815
831
437
852
762
375
487
873
838
507
49
777
462
914
264
641
428
464
897
656
951
720
606
543
455
439
652
546
740
103
720
553
372
164
426
51
60
207
577
120
838
292
294
744
80
946
445
429
693
382
574
891
685
620
730
720
688
468
993
291
695
661
536
341
19
928
119
710
247
908
9
118
104
465
389
178
710
379
561
774
762
797
134
445
991
935
558
874
941
46
626
521
728
39
608
488
927
263
626
580
169
242
826
713
850
830
433
569
162
299
111
88
927
793
212
130
609
462
549
609
475
811
194
903
850
762
909
717
149
374
13
750
700
222
240
811
510
119
919
419
682
885
875
694
135
214
765
886
351
828
731
811
998
629
943
2
808
425
753
801
872
815
53
105
782
371
927
184
376
48
451
171
697
598
49
516
726
144
645
158
181
165
309
162
865
65
419
660
568
168
570
543
149
318
790
18
129
846
588
214
469
285
352
452
778
49
46
696
681
763
800
540
367
622
926
986
192
260
315
715
429
748
244
253
176
257
67
411
155
914
890
47
160
1
436
597
139
667
781
140
908
235
161
6
569
963
154
769
928
8
99
785
130
144
745
468
283
587
586
706
158
659
621
55
278
986
65
983
687
583
570
357
42
916
101
567
591
710
413
121
373
202
430
804
189
641
215
235
301
543
29
906
616
846
634
948
906
930
268
791
154
17
33
854
768
297
689
403
717
141
284
782
546
526
18
679
105
922
681
572
160
467
793
511
204
670
884
104
537
519
257
450
895
942
847
428
873
160
158
22
232
708
954
590
580
511
961
342
82
399
763
956
632
321
602
150
677
728
671
583
807
27
883
971
468
129
503
483
122
515
483
53
298
958
779
659
902
499
536
174
340
557
778
590
610
695
835
569
857
687
623
175
63
387
968
37
60
294
621
758
398
223
98
602
728
239
371
777
573
309
299
329
698
767
825
168
810
495
633
942
339
248
881
225
853
579
450
95
459
754
102
810
778
880
489
955
278
716
223
886
636
112
965
869
514
586
572
459
835
182
544
288
423
382
376
588
430
783
765
778
989
697
109
474
225
434
633
595
665
704
154
707
216
314
627
604
127
465
672
822
738
936
932
619
785
805
608
922
654
563
103
531
646
613
134
156
512
833
793
750
459
503
113
63
573
853
561
156
13
649
632
771
162
65
465
627
588
970
869
592
600
811
883
439
594
533
965
26
651
881
84
968
761
238
742
332
422
534
75
504
392
964
912
807
983
757
490
20
342
344
964
442
49
906
356
944
285
226
71
288
717
646
813
621
400
913
655
303
583
1
133
621
4
729
124
677
15
664
884
938
82
211
432
995
860
974
135
508
995
866
183
540
834
76
369
738
314
474
711
932
821
683
130
893
933
489
513
650
19
365
859
314
764
464
805
944
510
962
952
430
392
545
17
767
143
942
628
409
893
375
707
374
251
269
799
462
840
955
186
578
794
650
539
775
168
210
776
468
106
393
530
794
0
705
178
984
928
162
98
176
419
804
238
874
535
38
208
162
759
504
627
672
501
801
16
381
770
318
804
565
45
240
99
989
567
793
437
497
784
202
990
394
66
580
44
387
802
889
481
199
199
254
608
609
723
592
357
960
182
239
525
300
666
59
309
641
626
234
382
759
539
996
677
467
884
723
345
654
906
634
838
32
156
760
86
457
870
913
559
868
392
306
600
96
902
711
205
780
491
978
609
78
382
402
483
880
215
630
362
63
403
892
130
625
722
683
792
987
554
889
282
813
93
418
471
931
461
822
486
408
159
493
283
681
517
121
692
979
574
272
362
962
560
701
810
263
22
90
811
588
620
332
346
696
991
91
104
98
706
61
878
771
514
318
831
293
491
805
355
506
956
118
245
242
158
375
394
796
34
962
553
136
239
438
306
455
619
658
39
120
889
279
255
808
505
489
953
637
53
82
22
95
847
203
175
4
904
976
246
742
691
686
16
298
320
363
975
344
181
826
70
514
447
874
246
116
742
811
286
934
918
668
855
8
418
979
877
675
235
194
25
344
382
570
843
207
515
151
5
206
25
928
955
364
928
129
815
505
718
55
617
916
235
279
211
424
432
891
274
100
954
322
752
430
445
475
207
619
355
134
784
829
676
991
625
202
279
607
373
85
798
897
238
59
791
558
885
243
511
686
778
955
738
812
367
700
653
868
550
273
637
91
508
305
896
555
541
239
192
938
598
682
880
134
889
222
327
695
707
638
338
33
882
75
478
508
426
102
571
762
559
910
172
772
916
111
34
441
610
15
736
348
756
158
970
153
263
450
943
589
575
643
469
519
213
297
659
118
940
881
841
960
579
78
548
875
149
546
215
76
964
936
395
779
868
820
46
463
339
882
553
579
590
968
196
436
359
729
644
62
891
879
933
186
975
540
498
214
435
949
273
425
639
276
116
617
26
136
266
475
265
587
796
558
996
600
123
637
284
831
926
503
401
942
473
285
528
349
442
519
618
814
669
419
295
840
344
955
769
735
816
274
142
745
90
754
213
519
110
133
625
462
173
167
715
849
267
188
465
237
119
667
981
136
200
454
25
975
58
949
102
811
622
302
700
991
927
956
260
97
969
233
169
258
828
688
652
180
254
68
303
487
398
774
729
904
740
167
888
182
631
923
861
474
887
614
57
394
784
774
638
530
360
644
680
809
623
992
274
363
277
792
557
536
154
596
298
880
143
497
201
305
858
521
186
495
838
219
601
14
369
685
119
383
383
426
795
973
587
145
335
762
374
28
559
939
176
801
804
173
699
921
366
795
344
898
289
941
905
468
782
446
269
348
347
978
834
728
205
242
20
816
48
190
348
245
905
14
124
897
11
804
814
26
869
209
524
260
29
275
963
762
326
359
49
889
533
905
749
129
138
246
909
689
705
866
330
6
247
714
569
624
618
592
59
793
530
591
931
842
380
618
903
251
933
421
152
327
722
903
260
66
902
291
963
832
662
986
518
924
534
318
755
169
198
213
565
680
607
328
857
943
400
607
755
786
525
51
31
153
798
976
499
638
838
165
137
25
946
666
3
498
777
44
775
34
491
519
154
182
2
193
497
944
805
599
162
812
924
918
713
765
469
536
54
130
277
810
780
96
650
566
373
908
269
705
352
365
773
266
317
548
838
966
143
130
289
453
840
156
949
722
667
797
883
828
122
504
615
300
215
921
634
706
704
455
140
960
283
463
583
571
65
152
71
834
432
439
598
548
985
343
892
18
864
206
571
158
81
799
800
167
351
855
30
906
135
950
852
767
596
533
639
717
44
542
962
26
304
140
793
450
641
640
886
867
957
605
82
44
80
304
61
160
671
816
521
771
376
646
193
135
14
769
343
987
265
89
274
921
538
613
134
619
979
907
582
577
373
44
940
345
731
650
865
803
252
622
832
296
142
226
93
31
86
288
596
555
236
261
99
397
58
110
145
65
469
309
264
847
693
352
237
257
239
854
177
340
865
934
472
669
525
279
662
281
727
982
33
856
233
431
242
352
590
739
733
114
602
585
848
562
648
973
849
704
102
802
479
886
403
325
202
750
57
535
975
514
910
439
324
687
204
250
746
6
303
199
119
696
286
76
851
22
939
302
155
290
254
929
393
206
742
365
365
631
886
241
900
221
990
862
7
770
168
970
167
252
467
616
355
345
726
473
780
358
82
473
456
596
601
976
282
696
573
19
515
45
760
878
866
551
715
929
463
639
955
572
45
846
158
712
245
296
204
212
127
631
184
505
708
33
932
714
583
103
788
643
322
330
124
197
364
764
115
827
352
224
376
4
825
528
307
677
729
769
301
242
913
685
121
89
306
44
4
220
179
752
608
697
540
660
908
775
806
471
696
639
365
763
443
357
270
37
55
537
738
8
421
598
125
699
866
927
728
515
99
401
554
982
781
305
725
990
493
298
301
893
894
970
99
283
265
563
920
722
214
353
685
962
400
77
231
782
975
733
88
633
127
789
880
22
822
230
83
932
827
313
595
602
650
801
54
828
204
434
211
82
667
442
478
610
18
938
715
441
299
520
631
499
427
109
994
372
920
702
864
282
898
457
239
522
119
934
938
323
849
575
876
738
770
654
297
987
408
1
206
449
267
900
657
187
818
700
251
340
990
707
681
468
311
405
850
768
386
30
155
634
836
766
246
870
576
338
417
563
252
423
571
642
258
125
433
727
770
15
975
481
933
731
538
375
84
938
609
152
790
341
948
463
169
33
357
122
576
409
36
845
531
47
30
352
269
39
621
306
398
432
378
967
560
200
367
181
390
251
321
176
256
511
27
837
764
607
494
585
863
49
844
102
873
70
36
590
191
822
255
799
881
686
833
156
851
711
227
540
922
100
470
866
52
136
194
80
137
33
588
416
753
973
549
16
579
55
775
993
269
942
132
52
825
11
207
546
588
276
531
583
842
474
74
978
437
851
165
740
837
349
355
938
473
752
557
48
363
263
262
980
578
251
159
493
625
499
904
942
829
755
115
378
19
168
427
45
40
310
930
877
962
302
343
564
187
992
238
379
183
553
42
84
739
640
998
76
725
234
321
243
954
832
279
938
250
411
980
151
232
852
811
888
21
977
605
666
861
975
606
316
313
617
497
621
371
491
427
455
401
685
709
30
496
711
139
601
945
742
705
892
233
952
317
111
875
529
448
743
864
635
799
935
159
307
110
51
175
974
355
824
912
472
400
411
586
596
2
621
278
717
423
711
993
775
932
384
774
971
700
824
482
750
341
72
131
293
805
217
474
558
386
53
944
630
30
85
957
355
185
192
195
797
545
789
777
854
508
838
788
658
998
937
695
485
438
604
851
160
946
331
793
312
899
81
356
827
940
321
501
23
612
264
262
537
619
882
431
351
248
69
615
939
697
165
730
844
628
245
361
386
122
543
952
110
988
952
928
852
221
315
917
974
263
552
650
726
625
121
119
383
886
73
437
96
217
241
968
943
836
65
371
158
296
895
786
589
439
767
824
460
125
351
441
330
997
941
250
527
440
487
69
458
448
847
912
752
82
905
484
498
722
922
860
121
153
760
796
57
281
376
176
607
993
640
902
512
579
833
476
104
163
168
43
620
275
753
214
780
913
968
595
592
834
30
767
566
807
477
953
206
893
241
316
818
724
426
856
564
669
17
883
310
262
479
888
713
330
149
41
2
169
627
281
311
359
737
234
954
8
411
253
207
105
916
553
160
122
363
458
499
183
722
594
260
46
913
486
404
3
126
839
614
622
182
905
538
326
21
680
768
943
214
725
242
23
279
705
190
839
444
953
407
157
871
495
919
21
321
681
979
848
384
642
851
453
876
983
620
107
975
845
404
465
857
421
297
36
917
241
263
544
628
656
660
922
492
813
514
106
652
502
888
286
887
720
709
17
570
248
130
666
700
500
859
993
761
624
586
12
907
117
111
928
949
908
232
11
381
528
73
774
286
697
369
832
223
604
121
534
884
831
857
926
959
179
280
243
858
395
455
315
459
809
139
291
676
760
918
852
902
820
329
487
923
797
168
876
693
746
242
40
45
321
595
845
179
37
671
395
47
865
862
612
251
161
335
725
317
393
570
841
356
156
853
984
310
214
42
100
635
141
972
540
690
586
693
49
806
918
277
325
125
39
169
556
325
74
845
763
307
858
583
21
242
790
914
685
340
273
307
805
119
467
868
437
663
709
875
311
532
258
246
982
216
233
85
903
735
246
523
88
555
608
691
86
499
117
99
666
520
794
919
411
884
15
61
631
639
47
633
418
399
837
437
770
731
665
814
561
644
578
133
489
17
350
824
166
941
501
13
444
111
684
442
618
758
69
220
654
583
155
27
272
325
131
214
483
315
510
880
613
520
163
638
800
720
985
411
521
67
682
907
334
213
252
64
397
441
25
796
599
82
78
628
339
784
752
565
903
835
922
798
145
200
339
282
275
989
165
800
557
498
872
625
565
237
709
389
289
298
783
34
309
166
155
706
504
846
488
967
585
601
937
846
111
278
288
158
885
243
45
283
973
12
787
260
723
852
972
925
290
515
51
321
492
349
303
551
387
386
839
872
253
271
352
323
532
488
92
733
331
760
661
432
820
911
847
215
790
198
428
811
228
386
569
413
561
163
997
921
71
816
393
755
208
105
115
544
435
289
637
644
240
765
978
331
175
461
889
646
321
631
354
429
786
490
837
595
391
565
898
930
290
348
458
860
220
444
405
643
250
501
269
501
408
977
728
176
65
76
763
718
273
442
521
709
778
351
819
302
50
879
65
751
902
603
831
23
800
876
522
910
819
504
2
727
767
990
274
475
72
279
674
754
457
587
414
160
246
165
447
499
207
509
167
244
720
328
706
137
237
397
816
654
403
718
126
988
690
945
508
615
182
458
754
871
397
80
972
115
283
777
805
108
448
298
575
334
92
942
248
46
785
906
64
247
358
467
423
608
836
453
124
626
912
186
95
136
113
347
888
576
972
133
169
848
635
603
862
838
181
251
597
785
263
880
552
686
447
308
80
103
113
208
619
6
738
897
950
394
418
368
150
348
231
399
207
761
868
11
592
939
952
330
70
86
683
546
708
172
188
500
796
166
997
387
336
400
200
733
737
968
379
5
121
355
350
490
203
915
429
183
880
744
441
936
205
98
65
590
615
200
527
591
417
425
373
509
516
101
797
569
53
86
648
468
517
296
678
266
90
450
996
875
234
193
492
327
415
904
326
429
502
133
389
793
930
226
860
368
102
983
726
193
839
129
901
449
695
497
243
739
94
323
228
138
51
417
541
372
369
20
245
70
804
175
481
174
459
680
774
369
663
163
351
801
361
596
495
746
651
89
624
401
604
514
274
113
335
734
991
68
733
931
211
891
742
121
393
178
567
956
632
411
142
661
108
877
193
900
457
777
388
739
659
272
537
338
953
588
425
386
47
874
249
360
690
121
344
273
63
186
796
76
821
107
245
321
313
970
817
636
303
770
830
901
614
141
439
407
853
95
6
90
897
690
455
824
888
363
109
833
600
936
677
252
929
93
0
274
529
90
823
864
822
674
975
233
270
451
283
341
810
293
825
811
241
128
621
566
777
526
881
935
656
234
574
430
776
244
156
646
361
195
613
629
569
85
768
860
230
622
346
649
652
666
526
687
282
129
397
647
143
438
65
37
666
739
651
201
679
469
901
168
749
864
225
782
332
719
824
786
252
370
830
895
864
324
659
307
194
223
197
246
592
990
936
248
428
871
256
150
137
756
374
147
873
245
661
400
11
379
784
920
634
347
173
386
737
53
89
427
619
904
183
655
151
732
468
372
56
451
657
459
866
612
35
460
136
550
463
558
763
582
359
16
37
597
497
94
572
833
655
979
834
174
97
823
72
985
374
397
523
969
378
596
367
242
641
320
239
519
666
588
615
28
654
638
65
389
752
504
363
662
807
230
2
855
934
9
240
12
140
135
336
727
775
484
963
170
836
937
442
29
585
47
531
560
236
112
570
582
236
99
116
958
789
178
441
831
753
345
938
159
970
709
981
64
140
943
194
711
663
204
213
131
586
274
524
847
723
881
667
891
219
963
363
565
630
201
809
400
808
620
170
294
955
253
964
344
525
378
328
726
383
677
12
420
544
906
989
844
687
820
937
450
592
317
474
465
901
249
943
519
94
854
469
175
468
746
218
203
446
312
818
275
799
168
514
302
71
218
202
460
461
479
168
95
22
740
71
780
239
524
687
385
167
153
421
852
584
359
459
733
420
301
635
369
667
233
28
821
843
54
391
579
705
972
452
300
979
165
981
666
744
816
532
777
327
11
152
777
324
649
11
874
857
510
791
405
897
843
590
35
95
603
209
525
54
49
768
606
714
443
944
865
435
567
443
930
290
936
298
724
459
365
309
23
666
550
146
395
11
84
252
485
873
516
187
69
432
752
105
578
471
963
813
355
532
406
545
874
355
59
637
159
770
525
854
919
99
338
345
750
109
31
457
272
276
46
241
864
596
126
700
11
189
319
551
380
200
249
511
349
768
192
335
254
940
230
970
157
953
677
447
643
148
823
147
391
388
4
104
193
710
351
530
677
250
334
378
297
59
564
492
373
628
212
19
719
606
908
773
983
366
748
337
622
547
105
876
390
685
683
618
37
153
567
698
204
601
641
419
718
864
970
306
920
291
778
342
484
507
363
594
409
328
858
361
970
287
658
33
409
123
526
502
144
938
650
518
956
630
167
29
127
716
593
471
472
81
143
802
273
328
671
855
965
537
379
565
692
331
804
125
652
226
241
261
485
372
452
628
290
773
409
500
679
98
452
333
931
266
238
517
451
401
43
262
320
398
484
504
871
668
660
390
115
982
609
397
425
204
808
566
864
218
541
628
123
543
198
665
332
867
555
363
566
41
669
236
935
596
600
543
840
958
806
598
411
443
249
1
976
365
308
424
332
937
94
250
422
550
597
142
279
430
11
782
470
692
871
476
45
389
243
677
371
980
742
538
959
894
269
285
62
676
122
568
377
870
217
625
982
76
755
633
712
472
137
196
246
167
415
52
462
143
754
470
436
635
935
398
739
313
338
621
278
612
600
360
779
29
169
509
980
908
45
783
684
293
370
312
899
694
959
278
462
924
57
590
526
206
487
821
243
761
467
990
308
442
680
485
942
626
35
314
663
515
719
345
414
161
313
799
144
836
308
63
601
282
786
50
358
769
33
220
155
466
629
459
726
609
15
403
38
193
434
53
329
821
917
230
113
576
450
43
539
854
739
859
748
204
924
29
79
865
840
55
359
904
899
664
854
838
801
214
504
190
578
329
391
340
131
529
683
735
370
682
190
415
430
669
505
197
312
179
102
74
218
666
788
624
210
266
128
893
834
249
726
605
960
466
20
783
245
253
527
832
309
32
397
748
146
202
558
555
628
216
199
335
225
185
356
484
981
812
650
409
518
73
214
43
751
613
621
472
143
231
890
384
389
951
101
16
891
7
886
977
419
937
278
341
642
647
925
289
584
226
398
270
745
618
419
154
4
53
134
531
133
131
774
108
536
189
442
96
308
877
125
547
818
41
310
615
705
666
642
708
112
761
880
409
135
264
633
391
914
606
571
302
402
108
456
334
490
917
831
967
563
955
39
364
212
860
236
962
634
524
239
303
736
51
742
262
683
463
133
86
717
884
735
698
124
936
157
284
734
467
490
930
387
500
672
362
886
951
539
66
225
185
433
488
429
510
674
944
587
714
969
516
930
988
711
621
349
697
600
168
288
668
436
436
255
595
189
648
379
645
392
233
810
447
330
361
458
470
64
916
121
326
139
867
588
649
998
491
722
76
917
264
653
307
652
26
492
645
577
330
815
2
247
814
297
928
816
176
707
141
950
589
179
119
397
433
944
927
769
295
536
933
200
294
24
508
44
728
799
390
392
52
431
946
331
51
153
505
365
447
125
849
277
367
83
785
269
648
977
707
900
766
697
807
510
896
901
108
233
361
762
249
366
826
295
226
481
908
64
822
895
636
179
373
252
816
710
671
886
821
139
816
346
603
634
247
361
152
137
590
142
729
922
172
703
632
577
21
709
334
712
299
97
177
258
510
989
129
368
334
373
949
27
226
648
587
831
953
319
988
503
206
56
365
395
585
703
738
739
615
682
197
167
571
864
212
317
150
365
625
445
811
228
570
636
581
498
737
635
857
642
447
164
936
483
33
345
853
202
308
193
941
773
956
631
20
382
352
528
819
528
882
577
951
329
10
435
118
715
418
532
779
112
588
75
57
538
152
552
539
805
82
173
554
778
360
981
136
376
624
472
785
785
904
416
537
446
120
539
248
824
321
741
146
668
937
305
252
434
262
884
881
635
232
630
354
796
932
133
35
371
586
680
34
861
584
918
803
33
239
832
479
93
859
873
347
227
289
321
445
783
593
568
769
64
994
781
977
544
316
307
235
154
353
77
660
47
885
102
986
357
477
303
184
821
788
326
666
719
439
31
64
764
18
426
776
368
532
640
636
418
582
491
498
857
225
770
866
500
684
758
338
886
741
28
166
37
775
78
923
198
33
32
490
646
775
380
802
823
522
611
38
637
27
81
597
124
526
275
497
136
625
728
215
689
498
609
373
201
664
766
458
162
90
127
710
225
676
748
114
153
321
529
123
254
842
961
568
879
147
965
907
783
167
849
525
656
994
268
113
612
684
627
986
769
486
297
32
488
908
508
366
235
499
654
679
129
724
646
103
255
662
891
286
524
986
710
303
281
376
145
599
123
535
63
168
686
929
936
5
752
156
129
184
208
613
47
383
769
600
390
382
415
674
610
909
356
231
113
706
551
152
899
922
905
532
623
920
54
423
491
168
117
896
359
557
268
99
431
886
955
0
531
744
762
147
421
733
514
298
71
314
269
685
414
486
932
391
303
142
35
988
468
349
874
603
586
497
203
698
314
625
354
888
923
746
638
29
737
89
691
462
684
666
682
893
559
815
46
198
722
261
363
868
199
104
828
417
390
215
273
892
429
378
684
749
896
648
582
92
401
309
459
216
772
816
815
107
697
802
859
770
462
826
880
939
816
278
791
327
959
621
114
991
244
847
971
930
191
101
847
124
417
341
285
387
522
126
833
251
664
346
888
681
30
97
488
661
84
114
710
384
233
749
523
925
625
331
139
436
244
567
291
633
462
166
111
740
300
777
165
593
977
492
49
95
285
334
30
822
799
745
254
553
727
867
150
932
987
723
865
623
139
576
304
255
803
851
50
118
581
813
694
937
672
122
266
663
497
141
118
882
692
677
858
550
327
685
361
598
395
306
993
566
992
669
160
27
116
128
533
366
176
261
503
615
23
690
326
766
260
561
420
461
847
788
880
946
219
598
367
905
887
276
631
757
279
178
521
655
190
945
746
143
698
135
446
399
141
799
498
640
291
415
885
723
677
257
266
618
928
81
804
575
562
789
158
177
891
554
902
360
748
723
221
926
312
37
487
917
547
582
97
439
730
739
907
609
465
936
92
881
251
435
364
718
289
826
747
862
562
674
339
714
291
881
84
734
484
243
236
509
527
225
464
362
429
41
604
849
951
566
155
843
158
191
924
480
783
894
609
31
943
927
437
585
870
240
785
156
747
207
323
715
516
646
299
995
696
676
675
0
4
518
667
742
566
987
838
643
481
309
461
713
293
906
734
10
826
762
745
860
737
364
118
556
663
609
942
966
967
154
908
498
979
868
992
379
943
409
272
338
714
427
955
983
233
730
980
943
346
749
943
825
834
941
131
146
675
988
68
232
990
373
203
324
1
181
853
368
541
998
101
776
918
989
919
350
232
249
370
53
562
908
952
879
266
439
517
162
77
541
442
365
49
217
901
208
745
956
399
473
243
54
737
739
682
822
732
753
324
589
580
929
7
932
383
11
388
630
144
584
384
759
915
720
67
252
556
988
255
917
681
882
855
597
400
550
993
250
158
357
978
344
526
493
140
600
18
225
614
933
592
937
704
583
188
957
682
360
318
498
280
852
288
805
652
838
143
165
920
622
147
309
670
286
620
839
110
276
643
820
515
793
298
159
722
256
225
906
544
842
878
319
511
222
968
601
669
455
672
212
194
189
309
350
307
141
586
337
232
212
38
921
222
655
872
679
569
222
725
904
314
214
656
416
49
502
660
864
960
778
281
271
115
643
849
572
423
215
293
857
534
668
321
483
172
360
144
414
154
277
253
253
869
888
392
920
9
592
802
398
527
323
333
921
232
876
282
842
325
401
384
329
189
193
318
142
274
83
445
206
840
873
365
605
675
780
266
402
708
185
443
400
583
592
40
680
468
581
549
324
88
735
575
887
952
830
601
192
474
803
83
477
695
695
448
531
89
149
483
220
933
155
70
90
948
371
502
351
788
481
974
255
974
565
510
997
788
80
183
154
921
667
766
677
572
370
619
204
227
792
198
656
312
900
933
983
898
90
499
210
363
996
912
335
89
798
521
409
908
786
588
83
891
128
99
364
459
935
922
603
940
41
574
68
898
640
308
315
213
134
380
309
109
651
192
503
423
832
596
558
940
832
940
805
476
974
84
892
182
488
528
485
538
3
465
771
254
553
105
571
137
574
403
724
303
153
58
795
658
133
68
79
161
358
242
892
504
656
55
915
403
363
354
710
144
612
570
816
760
589
574
403
426
733
886
108
637
514
385
881
583
98
44
82
966
136
211
229
994
164
607
851
886
908
972
257
209
374
886
33
885
456
416
6
307
630
560
887
169
418
570
970
522
98
855
818
944
523
706
59
552
484
960
866
298
5
937
434
315
6
671
729
393
100
706
777
826
406
565
122
721
238
985
524
543
618
771
283
538
162
13
171
348
317
862
523
587
212
358
126
416
992
595
532
390
743
513
647
913
889
601
953
809
337
585
811
969
583
852
992
424
26
661
265
452
322
493
129
942
460
343
992
789
319
988
486
962
212
969
941
30
386
697
576
20
799
15
426
446
715
532
503
719
93
273
568
634
377
746
578
30
82
871
949
663
681
576
578
233
943
45
446
291
343
559
532
526
852
159
22
417
738
648
163
842
369
123
764
819
604
447
873
711
976
307
897
656
72
130
174
478
173
602
119
757
18
137
927
852
421
316
770
101
314
133
32
382
354
728
338
771
64
538
338
30
764
983
191
501
985
951
341
445
33
195
707
264
344
338
902
313
557
291
259
888
461
614
554
798
442
267
934
422
385
614
329
550
953
366
308
161
407
49
971
651
951
934
711
712
565
142
286
65
169
567
717
36
832
223
453
831
319
969
851
88
531
591
273
396
388
469
491
754
120
325
796
11
419
77
335
249
220
929
713
289
979
174
667
166
191
12
269
508
92
574
542
917
625
866
456
43
600
615
465
811
38
96
252
914
82
52
701
319
986
87
404
460
561
393
265
635
782
337
302
689
717
518
130
985
504
521
537
928
665
858
553
824
22
613
183
923
119
385
416
438
27
653
772
871
118
871
252
45
920
34
884
675
223
956
468
328
676
866
168
286
91
920
383
652
860
288
801
458
894
389
106
593
739
174
499
237
343
858
216
73
290
268
539
645
757
340
495
805
473
663
937
625
323
565
889
621
827
149
727
36
84
967
591
78
526
549
159
443
911
559
248
2
168
986
303
515
843
484
448
662
331
862
816
374
868
902
297
253
777
704
43
668
292
329
685
591
911
208
594
244
866
802
560
814
478
528
917
218
166
398
354
621
893
442
585
456
394
463
123
457
96
798
674
63
682
360
981
426
108
90
546
236
124
678
957
632
815
546
7
158
448
399
618
919
780
39
352
451
913
276
580
53
141
113
480
448
98
616
677
161
255
544
521
896
90
455
211
131
153
540
794
681
32
394
667
929
364
706
106
684
710
248
671
453
707
79
785
900
257
716
209
961
300
452
189
883
167
291
645
141
254
834
490
137
79
844
730
69
193
725
177
431
172
952
73
925
456
251
754
477
18
321
396
270
553
388
201
306
495
844
568
424
955
689
220
594
427
441
803
608
198
510
458
870
367
775
518
953
726
265
605
978
489
978
155
756
168
50
424
120
342
767
263
250
747
739
690
327
934
220
985
46
552
328
585
808
764
658
369
349
882
621
495
548
155
892
321
767
14
212
296
321
497
799
535
973
988
278
625
604
367
690
528
146
123
39
858
374
806
13
718
404
64
572
421
641
427
635
267
867
991
581
132
570
187
609
459
574
352
213
598
310
663
39
253
146
707
607
90
910
169
467
418
740
580
896
673
517
93
595
924
403
631
186
840
830
536
665
40
321
84
460
731
216
612
766
156
17
731
860
595
476
41
849
1
544
817
431
304
211
669
959
137
637
841
493
648
570
309
667
721
50
508
424
158
319
745
340
848
146
329
787
930
242
915
587
998
859
980
948
567
55
352
380
293
363
579
459
303
681
77
898
395
853
907
611
769
950
450
924
894
131
359
670
364
759
218
813
94
618
753
915
712
478
577
693
525
99
143
497
515
367
140
546
378
326
374
875
650
601
548
836
921
982
490
115
35
852
642
714
28
17
492
720
529
427
180
799
429
351
513
778
47
401
462
593
936
464
802
490
803
341
674
366
574
96
302
373
204
351
424
758
148
933
528
423
885
58
573
62
168
508
959
106
223
938
656
777
860
881
8
382
282
181
0
446
648
989
150
688
300
500
319
703
28
848
171
733
599
120
241
53
690
406
443
237
271
703
741
207
800
907
311
850
537
686
594
161
124
738
167
0
829
134
715
471
653
246
407
989
677
8
587
337
32
977
490
487
723
899
897
214
417
836
874
370
526
939
469
915
861
1
557
186
373
905
720
690
798
389
544
482
681
335
288
134
974
817
848
69
879
970
697
315
906
582
204
251
812
48
380
96
768
230
84
24
566
913
51
470
977
496
780
138
841
944
882
671
895
778
129
10
47
849
568
434
15
838
730
727
942
658
851
283
56
871
208
576
462
92
527
997
754
147
590
472
632
256
855
937
280
352
433
929
367
643
202
454
37
56
872
956
474
292
655
417
434
151
412
285
864
347
848
83
694
73
881
321
570
594
914
488
68
151
891
976
299
221
435
740
880
808
785
869
155
523
627
157
497
49
421
27
647
700
683
70
544
888
250
31
722
362
280
288
359
402
660
802
456
882
424
112
763
442
475
630
517
858
715
501
74
379
127
646
873
642
91
784
773
18
828
296
358
389
636
788
207
79
184
756
448
279
996
253
459
650
352
419
627
397
883
531
401
519
182
730
49
970
556
157
41
524
589
630
793
118
162
928
221
392
442
464
856
14
947
984
395
388
221
944
955
673
544
835
841
675
117
988
666
63
706
139
967
770
999
791
79
82
990
713
160
330
472
227
492
902
457
740
248
763
821
154
928
850
437
818
622
601
130
990
482
469
882
132
539
793
319
710
540
460
149
667
489
745
36
562
25
840
859
495
269
869
334
507
958
754
854
452
989
166
983
686
644
697
559
564
170
595
713
256
260
976
281
90
303
1
515
496
785
763
524
419
527
284
498
857
329
87
735
92
554
70
281
223
396
903
101
336
632
660
241
343
251
67
337
841
844
62
72
961
401
144
49
932
994
414
398
943
789
237
37
384
824
285
859
189
334
841
536
804
400
98
426
96
685
312
494
813
564
436
561
457
262
229
908
15
304
773
102
385
542
679
155
113
636
839
547
868
942
69
309
588
879
480
946
416
510
972
470
690
500
671
816
589
98
877
763
736
848
774
670
700
760
505
622
678
185
488
747
913
919
591
183
915
272
129
243
666
258
26
596
395
527
947
762
687
402
421
233
99
988
981
73
754
199
608
320
625
892
83
928
270
551
738
995
142
448
459
673
530
813
246
572
885
826
627
371
605
611
200
379
811
208
214
780
600
815
103
399
975
160
718
101
697
865
754
555
160
394
584
874
156
611
901
867
404
41
501
783
186
879
939
132
317
801
13
899
915
356
410
982
211
506
563
152
709
73
892
349
575
667
158
248
4
96
250
971
899
943
35
225
778
572
81
896
396
771
62
282
126
787
630
410
346
45
600
395
174
916
211
972
524
430
71
736
575
256
914
547
71
89
323
502
145
989
38
915
494
577
212
300
781
502
167
222
120
534
575
451
400
228
724
477
222
192
728
758
599
176
792
348
947
570
631
170
883
397
215
474
444
152
173
527
844
266
535
542
752
992
21
884
399
6
706
162
783
725
837
30
466
18
856
524
852
630
756
393
404
530
535
792
45
699
555
677
528
587
700
38
999
360
982
674
816
214
649
49
532
383
826
260
51
507
439
46
718
155
870
727
145
214
802
345
19
583
364
275
163
686
778
339
1
386
910
584
454
624
734
374
840
725
667
11
894
303
96
510
973
890
985
343
805
63
565
529
659
71
362
116
35
213
508
376
489
769
865
828
100
696
884
763
441
945
436
96
559
339
264
536
420
730
41
182
164
872
348
693
848
40
586
862
587
957
854
481
380
665
643
568
432
954
104
806
976
487
280
599
859
417
194
665
104
428
778
968
522
261
906
680
775
885
864
723
367
371
429
410
430
447
208
776
214
939
933
634
436
772
309
315
908
998
330
612
516
735
527
897
883
265
147
630
548
171
944
632
347
489
988
120
90
583
883
874
984
413
999
492
655
332
53
770
344
247
373
782
733
605
382
908
483
690
907
180
146
61
334
801
739
621
344
526
93
772
426
960
931
501
987
743
814
826
502
814
722
686
910
321
247
234
394
222
639
3
615
845
759
432
398
521
483
593
164
368
811
147
983
167
124
264
124
199
652
115
298
44
262
161
314
195
670
67
38
499
233
288
347
989
140
951
292
950
528
603
76
187
751
431
344
859
406
16
887
424
326
506
454
39
112
770
796
688
949
323
823
223
711
853
418
568
80
303
492
722
541
325
13
274
902
53
831
176
597
683
183
246
688
412
102
645
676
871
561
90
640
151
105
470
876
374
184
571
829
788
345
426
6
333
914
441
731
792
377
833
637
651
456
358
797
236
294
200
111
459
340
767
45
467
937
419
788
807
154
289
679
249
697
737
991
421
912
836
388
157
186
988
514
494
143
475
970
911
786
221
460
449
673
234
510
490
345
323
820
596
883
414
116
674
222
469
228
947
338
208
330
999
94
931
672
6
879
586
651
720
334
440
790
271
349
543
840
728
941
738
398
833
663
191
574
348
261
576
641
962
44
696
444
675
705
146
836
113
61
293
115
124
566
829
915
368
867
163
166
178
979
804
80
714
699
927
241
859
307
135
891
821
363
72
172
220
927
439
144
217
508
714
407
462
718
39
222
887
191
569
37
340
830
84
493
763
890
154
947
898
970
630
181
482
322
677
559
239
340
476
650
756
648
117
811
363
241
475
92
986
694
333
209
321
394
216
608
184
881
780
198
790
271
96
802
436
798
634
1
455
499
463
941
564
822
112
738
87
333
245
423
444
572
572
61
702
466
762
56
389
123
258
902
402
574
635
576
111
978
411
733
217
594
114
13
911
33
537
209
813
628
873
933
473
451
240
958
726
964
63
182
654
668
743
353
27
842
945
507
374
58
476
976
721
219
817
679
752
358
939
620
977
523
707
432
908
754
31
992
126
938
866
623
656
217
255
73
404
433
191
685
207
307
946
573
594
507
98
461
723
856
51
470
88
14
622
470
467
794
989
670
457
801
785
736
77
429
494
42
714
374
225
875
717
249
104
881
32
783
967
789
43
844
923
84
590
993
887
194
441
625
204
821
364
638
238
955
42
717
713
81
712
12
82
474
676
734
546
968
817
273
877
322
878
797
641
569
430
584
674
393
474
210
938
369
466
891
926
486
436
484
819
962
371
617
967
669
456
208
677
245
710
534
152
168
719
599
752
139
452
639
859
701
58
986
874
805
176
677
28
676
581
607
905
681
238
343
380
864
77
787
532
6
149
394
780
51
578
847
981
428
494
994
693
227
349
460
801
238
26
64
102
145
922
9
117
993
782
283
29
303
415
362
715
20
482
201
444
495
739
552
139
936
357
869
301
104
111
85
665
544
683
143
126
530
952
606
717
743
159
809
886
718
762
929
494
174
752
590
693
128
894
662
246
596
311
859
103
567
516
632
112
982
775
664
881
161
545
387
308
471
372
237
914
769
546
941
122
342
724
375
755
651
615
814
978
332
888
722
767
684
424
489
802
621
107
102
899
604
843
339
127
276
985
27
758
861
867
65
18
697
97
375
954
163
914
716
788
396
259
564
569
835
687
53
449
336
979
644
744
406
184
698
225
371
563
471
342
693
673
657
66
922
388
129
365
860
251
114
591
823
733
959
856
80
710
95
299
100
250
264
91
539
758
213
286
479
734
453
134
301
569
898
422
22
224
74
962
554
926
822
479
890
602
981
161
688
495
524
75
605
804
756
321
647
671
136
338
869
333
345
730
73
205
160
11
633
306
319
107
337
103
604
408
576
388
355
8
141
655
527
958
935
814
165
798
390
257
766
170
289
581
790
229
309
602
501
252
926
502
346
541
533
386
711
503
790
170
341
73
253
442
997
742
701
404
471
534
61
262
315
625
647
393
218
100
109
460
823
885
130
702
320
67
203
379
819
335
192
350
263
799
979
92
504
673
396
353
366
837
718
292
899
731
18
909
775
483
934
344
610
843
825
833
317
971
357
630
77
524
666
788
837
607
411
362
687
755
799
314
350
822
119
654
627
820
271
215
219
629
826
560
977
993
910
673
861
543
9
727
904
315
671
641
139
205
289
150
939
902
308
714
803
486
755
512
927
777
257
680
56
432
791
857
368
747
54
298
572
988
58
667
441
63
20
129
20
309
746
134
634
296
612
414
433
233
38
629
969
813
29
447
755
382
424
872
36
542
461
169
285
382
124
372
803
516
236
367
222
539
992
132
72
148
598
513
404
147
892
827
224
652
159
118
800
84
809
391
40
420
62
946
526
528
516
7
154
782
156
15
171
946
817
725
528
967
108
800
135
943
137
437
621
371
490
705
107
86
22
371
33
843
86
600
858
648
436
513
955
18
184
639
889
71
616
366
926
11
59
759
80
498
858
951
686
941
755
141
808
967
196
9
986
63
753
552
180
312
90
692
249
987
659
696
226
702
529
385
903
286
422
568
169
520
114
133
95
950
454
869
466
45
485
675
335
610
938
749
201
789
264
637
17
581
178
136
211
443
464
500
494
91
722
498
407
333
380
27
674
266
711
230
887
682
951
911
197
242
262
236
670
410
164
945
622
437
321
323
672
930
873
153
383
815
995
863
207
861
518
316
302
766
985
700
242
979
749
872
55
626
664
144
77
237
481
506
676
750
979
212
429
982
881
822
255
509
148
915
91
187
4
342
588
173
224
90
790
307
475
537
690
207
182
694
251
192
604
966
240
76
445
808
302
980
235
286
58
721
251
243
976
388
264
4
762
963
354
252
32
168
117
24
537
627
322
801
348
696
359
935
197
795
211
34
391
768
538
84
130
687
217
507
930
108
759
195
284
861
961
631
525
948
32
63
328
628
344
46
972
937
416
523
616
616
305
719
876
77
196
830
893
724
373
742
156
407
278
597
5
566
729
727
111
820
358
180
644
798
85
768
286
806
457
844
876
110
858
755
440
833
580
647
639
459
353
297
700
704
864
719
529
722
664
463
355
964
701
978
40
851
981
244
424
197
496
512
838
737
506
960
457
622
23
282
587
248
401
519
541
533
73
461
653
469
352
708
221
336
880
349
961
417
44
749
309
776
296
682
240
158
318
885
145
105
327
181
213
207
491
245
946
88
565
283
596
716
21
697
585
227
19
160
354
699
37
280
352
828
61
21
513
256
146
252
254
886
698
691
914
485
537
390
217
813
392
485
538
218
101
427
827
554
58
89
127
886
845
121
807
461
180
239
386
747
674
641
602
672
650
232
997
501
311
934
740
802
14
87
836
27
457
21
198
641
233
875
605
252
447
587
228
286
807
475
569
443
185
577
314
845
877
784
587
723
59
603
145
337
844
894
77
579
440
292
440
436
829
258
696
547
144
674
412
764
580
253
114
861
564
792
986
15
854
151
575
820
847
751
298
128
349
788
394
263
708
571
708
166
288
674
834
182
276
68
331
427
981
464
840
668
479
193
710
51
754
545
893
883
455
246
164
641
317
806
798
682
162
271
101
540
840
479
345
890
191
514
301
7
488
42
623
52
685
769
90
36
227
834
242
900
241
853
507
56
216
625
126
641
606
531
616
218
608
973
577
354
820
154
94
388
312
718
276
297
683
195
2
288
126
518
377
724
815
199
451
971
602
287
949
174
211
540
826
884
572
304
621
546
95
624
578
741
330
584
234
152
381
508
642
769
632
