527
577
559
73
60
800
589
152
719
330
491
702
175
129
204
12
156
952
440
28
530
128
875
119
190
539
348
171
763
426
887
458
658
946
391
262
460
760
548
304
60
102
165
664
750
349
386
734
503
410
904
127
615
542
409
67
306
349
496
739
902
575
911
817
745
941
573
151
995
428
942
177
892
413
64
927
394
237
200
499
584
127
504
377
702
744
173
427
441
347
576
36
640
578
793
676
378
710
339
794
687
902
625
465
577
411
635
537
158
996
364
342
669
205
98
566
11
74
515
739
57
330
817
264
28
903
762
80
240
545
391
563
137
666
991
114
896
820
711
17
719
759
776
988
225
199
757
682
233
193
599
214
405
702
903
869
942
760
199
626
703
426
205
76
760
669
477
81
702
836
498
404
512
553
185
889
153
776
3
497
117
17
964
170
921
923
932
318
932
780
634
795
908
725
88
619
590
458
95
305
382
624
512
996
815
558
227
665
751
854
792
400
442
621
208
185
226
342
815
575
736
877
464
242
377
582
596
955
520
606
313
104
620
362
979
543
741
220
610
919
913
443
632
579
789
178
509
408
386
913
65
973
286
487
69
906
180
738
454
392
65
725
679
896
148
559
506
312
65
108
394
753
585
149
840
788
698
563
225
938
679
433
208
11
324
631
461
894
976
683
129
247
366
474
549
110
554
307
894
76
781
477
231
73
333
911
108
897
325
869
678
821
76
643
359
557
844
705
172
683
665
382
858
91
19
161
38
198
914
339
421
982
198
616
349
828
648
861
686
773
193
363
665
891
469
969
171
975
162
920
781
485
403
791
732
920
380
39
896
644
705
857
195
154
479
204
792
333
63
722
477
356
978
2
918
641
326
736
127
822
868
416
334
287
682
707
419
994
516
544
597
379
74
395
739
364
358
674
403
114
124
564
658
203
150
261
169
755
83
237
568
597
628
374
746
710
483
172
580
246
815
711
603
544
392
387
777
897
652
953
420
949
300
854
411
732
695
761
822
140
264
154
937
360
942
558
692
887
432
103
930
711
3
760
596
951
577
719
538
724
552
619
861
619
324
868
124
894
538
745
392
42
802
445
702
36
103
283
489
43
983
769
170
345
810
449
773
948
169
985
257
817
812
596
419
264
647
346
504
178
210
874
741
295
564
680
444
652
987
746
974
337
299
244
207
585
945
531
930
282
514
79
850
293
309
409
555
551
281
260
955
350
396
464
72
720
842
849
78
212
574
310
93
812
976
22
541
162
291
109
487
959
81
251
194
522
454
774
679
998
270
14
841
989
900
278
132
600
400
914
137
488
779
156
75
423
898
297
297
368
421
616
960
965
523
387
869
191
188
998
716
335
82
572
791
987
21
992
183
245
482
369
240
221
183
239
140
895
390
707
766
999
915
403
185
121
907
642
749
261
907
69
582
607
338
962
777
453
356
692
107
449
676
825
159
126
550
964
548
120
206
686
249
268
936
64
118
150
253
979
880
778
78
552
393
202
49
652
330
381
469
331
237
633
35
134
651
591
707
518
839
501
304
392
701
154
153
603
611
98
405
92
434
208
794
579
352
499
658
766
382
329
115
163
193
825
162
27
767
365
979
458
296
604
79
539
439
445
842
241
595
391
431
272
654
694
715
185
905
623
835
300
226
261
267
496
267
372
500
918
768
227
993
828
885
927
807
749
241
34
350
973
188
546
320
835
184
189
300
207
734
754
175
162
633
228
409
581
119
856
239
754
33
117
970
359
128
691
908
865
218
67
322
260
480
799
722
568
141
979
562
408
213
544
435
820
95
338
448
135
537
671
359
979
687
783
442
207
519
451
578
778
659
670
282
114
676
153
51
957
400
379
977
521
456
629
897
55
393
963
309
633
693
278
814
308
884
590
173
641
36
725
22
230
123
447
49
130
268
413
510
725
742
49
212
685
717
172
863
21
298
771
324
648
814
192
49
203
391
845
382
689
620
387
922
352
35
201
796
456
668
983
535
636
26
906
720
169
846
690
863
83
183
703
712
495
58
219
941
563
465
104
170
146
923
786
404
708
937
271
230
761
824
243
170
190
184
289
977
64
744
795
519
350
411
770
454
331
499
129
885
768
984
68
780
952
69
686
823
261
656
664
197
433
884
157
795
167
877
434
698
855
415
795
842
752
227
209
9
263
510
543
557
182
520
212
585
873
62
811
623
137
485
509
739
187
660
696
551
603
908
497
520
258
823
398
164
478
482
990
191
264
72
409
465
169
652
532
685
486
186
572
448
531
35
604
652
852
732
202
353
782
898
179
23
283
300
567
586
117
100
447
194
226
171
699
933
405
464
392
747
302
589
862
431
191
815
464
501
503
535
501
956
900
474
659
330
633
49
947
454
39
142
903
470
688
156
704
61
758
177
61
761
66
211
269
86
753
484
397
754
889
427
21
430
801
904
373
926
606
964
30
886
498
955
363
704
710
271
181
934
280
298
886
264
737
487
245
571
109
406
912
991
501
802
16
451
385
473
862
118
638
127
187
981
256
519
670
348
361
272
702
451
544
263
159
959
36
511
162
473
815
250
676
807
936
842
16
61
272
72
401
776
655
928
912
711
695
935
260
654
237
763
79
592
440
261
28
272
634
613
783
388
291
699
277
87
845
829
219
369
419
354
650
117
210
321
103
688
449
287
89
41
413
187
644
529
197
288
42
527
21
998
697
848
709
917
424
562
177
984
578
708
708
98
197
76
749
239
269
548
412
633
506
258
190
430
248
946
747
810
92
370
121
151
516
921
561
365
943
853
823
223
300
505
312
620
415
711
372
263
886
87
378
396
649
748
283
958
768
671
790
258
46
859
379
402
315
868
492
71
984
628
796
374
36
492
83
621
155
195
754
323
501
550
705
329
37
236
89
505
328
981
195
97
613
806
558
516
860
636
584
309
959
819
348
81
69
681
490
720
813
500
468
80
168
556
500
246
487
982
283
825
27
822
220
813
4
321
335
969
233
428
266
574
982
733
138
812
620
100
807
562
938
653
229
329
153
53
287
622
477
661
198
123
799
400
486
529
295
942
178
876
607
338
542
171
115
279
642
90
725
521
151
774
93
459
234
380
629
613
909
6
778
47
829
947
6
974
766
178
11
929
314
451
250
402
616
2
449
900
497
409
291
429
951
904
26
969
142
164
159
712
388
793
282
829
213
765
469
444
406
723
514
848
875
993
837
198
197
503
237
753
899
843
436
851
73
341
37
180
966
908
941
98
831
492
466
190
65
829
808
782
100
633
978
709
243
985
302
691
359
44
625
650
235
998
882
966
987
321
3
128
901
10
361
680
946
314
277
748
398
71
818
377
522
183
807
652
563
561
927
318
627
336
379
706
310
468
642
228
335
918
359
208
8
352
848
684
849
775
423
724
975
767
505
632
262
585
635
835
417
715
741
442
910
220
207
294
615
226
336
665
491
426
869
249
595
476
38
268
936
328
324
777
393
217
439
182
378
484
84
908
601
116
339
635
466
942
887
642
139
172
103
287
1
529
521
399
393
64
398
467
699
537
169
648
240
856
849
961
548
979
493
819
222
681
823
861
861
754
377
609
629
198
84
499
407
230
856
526
846
1
246
413
789
396
41
589
639
906
666
580
486
75
707
221
861
668
459
780
521
282
232
592
226
996
379
34
671
157
365
433
263
859
440
303
492
87
688
835
410
857
192
211
662
783
784
182
225
26
404
364
764
357
825
11
661
98
520
759
631
915
621
476
528
122
417
403
500
38
531
631
542
570
605
195
583
635
522
42
687
718
854
338
128
476
190
629
587
180
999
662
930
755
642
405
284
858
436
279
279
955
84
533
295
785
670
30
724
572
493
868
723
6
605
520
291
37
597
699
247
893
379
539
99
354
178
654
496
54
631
814
506
469
794
968
784
131
415
98
739
701
355
113
599
77
692
588
360
780
394
993
798
147
169
378
888
146
872
460
183
348
324
283
33
789
574
429
606
602
59
634
247
491
170
572
306
375
736
313
786
708
759
10
508
840
797
96
436
234
217
722
125
543
984
525
384
505
470
920
68
130
272
802
556
609
333
139
558
703
773
644
735
641
850
371
420
586
475
151
291
676
760
149
448
210
911
781
563
709
909
980
279
273
376
190
374
772
793
151
639
970
383
671
10
760
550
736
730
419
927
277
977
580
321
689
169
154
93
368
206
124
775
670
138
562
184
866
448
830
200
359
194
285
417
255
662
500
207
852
739
16
300
549
993
414
112
1
287
660
613
723
158
330
896
890
890
993
612
819
384
110
456
717
91
466
505
905
457
257
978
596
571
901
351
643
889
759
50
810
819
10
580
24
405
708
125
139
114
585
663
235
905
445
5
94
69
374
377
888
438
852
506
28
893
398
108
11
540
451
785
351
796
89
974
149
368
757
649
374
95
304
158
928
295
361
353
221
741
541
453
600
577
633
859
791
981
871
343
721
670
588
284
702
740
957
55
549
548
913
193
710
276
472
181
613
358
710
50
495
262
83
955
645
638
394
914
178
376
468
43
978
819
569
892
441
207
690
522
109
947
317
39
464
630
958
608
854
594
743
587
80
892
156
438
339
376
701
473
944
474
913
989
9
199
51
535
660
10
716
181
983
786
149
761
632
929
502
611
216
263
296
56
508
453
692
633
518
53
910
951
791
878
873
977
873
814
360
400
957
769
414
818
952
286
83
306
986
872
868
169
373
425
758
86
174
498
790
121
123
352
240
133
129
169
250
683
696
596
284
819
301
871
638
774
869
513
966
847
921
415
436
799
730
36
444
880
146
450
872
361
437
21
71
456
626
134
334
695
762
30
433
925
715
520
775
540
321
585
839
339
146
659
322
585
52
741
518
186
406
846
300
911
456
976
768
717
39
938
427
480
849
510
470
33
113
249
972
994
928
168
364
786
176
344
178
243
894
478
561
961
396
685
768
125
448
661
22
288
116
529
603
411
858
825
236
859
492
110
90
954
910
876
16
920
393
737
224
673
404
308
441
423
825
161
334
680
753
744
654
67
789
333
955
892
602
499
649
55
512
34
94
377
695
480
656
882
126
891
479
190
922
123
16
106
904
918
395
4
183
494
651
756
141
717
503
375
12
312
905
930
952
873
946
227
392
255
543
426
662
697
837
415
301
39
557
534
6
817
603
285
143
305
777
638
257
203
875
591
924
93
143
951
569
313
3
443
539
799
298
615
507
847
724
80
967
381
801
61
999
261
602
502
515
854
533
501
12
811
11
673
686
516
615
914
470
643
317
15
246
731
900
546
522
299
737
381
710
879
570
829
998
823
532
108
105
513
106
70
115
330
931
26
526
402
829
600
300
286
28
905
956
110
929
113
134
990
865
769
21
930
555
985
264
59
237
251
308
926
196
164
74
476
118
603
264
444
87
555
239
3
963
606
265
742
198
207
300
183
790
585
232
955
345
22
937
748
353
351
744
442
128
723
948
396
250
835
561
300
694
665
163
273
440
209
113
246
326
888
608
415
973
961
787
572
407
31
788
678
987
108
490
39
482
319
214
582
849
300
972
368
224
622
211
106
270
32
504
370
710
65
534
717
626
437
250
883
250
368
758
23
281
805
252
370
661
69
748
439
105
51
300
562
392
109
220
802
448
53
139
13
321
133
913
675
353
144
281
802
709
645
154
976
21
271
980
224
333
384
234
187
780
692
887
480
795
889
25
270
867
93
557
85
67
16
493
293
389
184
165
503
4
75
638
863
381
614
764
99
806
292
267
477
359
747
9
220
860
33
759
737
172
268
617
941
225
630
296
936
916
847
713
484
572
84
220
856
651
22
586
688
982
374
179
362
342
196
748
940
543
614
778
864
5
533
493
841
726
748
996
888
801
866
905
711
608
511
640
990
564
578
537
284
534
673
392
605
997
242
853
122
57
206
285
599
867
102
813
933
575
877
230
704
879
508
905
306
261
485
575
262
204
608
758
441
916
633
652
587
576
194
841
412
342
268
533
433
530
945
555
181
879
837
105
884
667
699
629
259
662
252
165
667
743
386
35
165
459
306
859
143
563
688
843
572
456
252
70
514
782
579
44
485
786
817
42
337
202
801
521
925
311
199
206
266
401
156
62
994
536
121
907
814
738
615
519
880
478
259
859
399
251
175
861
969
853
419
173
811
422
203
586
763
413
706
533
951
542
388
577
78
6
497
862
508
752
749
673
11
257
588
209
308
445
363
329
813
668
138
829
413
164
677
91
243
99
98
775
477
514
684
2
572
649
558
928
387
691
828
29
417
391
251
164
372
687
297
684
678
497
463
311
748
568
651
415
144
366
929
663
904
328
418
308
359
662
229
991
826
29
417
432
69
403
85
703
740
103
478
578
598
898
536
967
11
334
976
868
86
785
973
51
709
566
535
731
173
656
296
525
523
692
152
556
173
378
820
407
727
903
190
335
770
995
672
608
775
986
833
998
345
393
890
668
79
398
330
20
33
908
565
558
690
394
108
919
244
567
942
984
658
133
165
823
638
71
131
311
195
503
482
687
244
648
779
833
867
557
326
985
958
461
344
760
108
844
227
116
214
447
431
613
624
843
94
911
334
538
765
127
908
499
631
932
245
165
348
116
445
888
998
832
538
0
948
181
301
174
599
583
959
45
65
579
414
654
14
890
71
401
555
70
589
56
763
642
439
265
145
738
88
249
391
675
304
240
892
577
64
820
589
124
443
661
26
758
527
226
313
596
587
615
376
654
427
820
491
44
966
203
350
94
97
485
29
304
540
425
879
809
634
914
464
15
174
268
813
113
248
467
595
385
495
832
305
179
921
209
404
710
726
372
96
301
499
208
963
946
842
472
334
817
206
788
974
525
556
709
239
457
397
413
239
749
272
97
448
754
932
125
991
612
251
722
586
59
10
702
935
294
590
920
287
493
872
750
25
9
977
469
611
330
769
140
931
956
720
573
187
407
127
962
19
370
41
808
801
52
540
418
499
294
396
885
909
904
838
547
70
126
849
479
989
975
624
236
937
275
453
465
605
758
199
933
786
532
300
507
647
315
578
170
324
424
352
580
684
639
289
121
721
226
200
719
113
493
271
120
838
756
65
136
259
906
72
162
666
343
136
910
50
676
435
153
918
150
958
664
841
389
144
98
941
905
290
450
571
792
106
222
581
125
274
15
728
344
413
861
589
78
218
638
21
981
592
850
596
934
794
166
463
952
204
507
120
85
651
123
992
771
44
296
524
817
282
641
96
731
475
929
567
981
836
573
893
272
856
754
516
419
280
513
922
521
844
545
604
867
799
391
251
83
705
307
333
364
335
554
439
992
845
860
350
936
779
834
69
466
493
334
312
570
884
94
879
463
746
134
174
952
907
329
985
403
398
340
509
394
979
679
906
627
807
601
868
347
611
935
585
38
459
336
381
645
842
448
360
908
522
431
329
183
905
981
653
112
447
941
248
680
628
195
675
48
855
315
766
90
704
64
893
793
639
581
6
305
662
747
411
941
985
472
163
204
606
896
147
782
967
35
457
224
773
851
921
370
398
920
776
562
551
497
102
999
316
89
721
667
564
684
652
909
402
229
46
811
142
981
527
889
155
914
509
328
89
466
533
342
802
402
526
93
898
655
847
955
327
808
384
654
760
462
981
561
114
177
255
192
478
577
373
628
150
150
105
579
126
692
37
23
799
270
435
521
870
934
860
578
796
158
864
670
839
494
140
181
205
202
410
919
536
679
434
140
821
642
686
173
599
334
604
138
928
896
396
713
192
784
521
120
830
990
69
975
651
903
188
381
814
307
91
885
458
324
537
652
883
940
323
458
31
443
734
459
66
524
653
713
354
203
755
792
58
14
58
253
233
677
122
540
42
607
789
285
822
234
335
681
125
823
83
455
116
384
576
229
681
174
2
733
114
59
77
695
755
577
213
309
229
573
296
127
252
132
165
250
889
632
182
151
23
790
281
766
489
504
485
142
656
266
895
410
930
419
59
593
405
914
240
65
940
890
284
681
448
492
455
474
160
951
332
218
867
591
762
301
858
127
169
999
419
844
623
370
568
479
762
177
797
870
424
343
704
425
298
255
572
940
183
129
118
22
724
901
176
356
570
31
435
618
256
175
175
759
535
659
454
436
285
348
959
210
120
642
951
997
228
165
513
424
800
889
478
798
739
996
368
946
780
672
904
652
615
456
679
457
555
712
554
309
472
981
222
568
198
294
651
730
776
974
534
620
968
143
566
669
788
629
967
917
246
404
213
914
337
446
400
236
327
5
294
655
255
954
887
53
20
623
442
869
729
719
324
596
241
8
656
558
867
378
130
737
386
47
550
703
530
7
942
134
790
198
840
397
983
708
605
261
375
586
614
977
92
956
306
580
343
935
98
950
820
920
45
698
837
798
31
559
71
669
964
505
125
952
699
675
795
434
957
404
187
9
13
859
195
992
625
952
664
960
751
712
748
314
307
372
370
547
36
559
458
76
423
634
792
885
858
926
39
22
323
854
395
610
505
566
828
296
688
211
575
359
978
897
958
325
465
747
151
876
497
922
802
290
842
61
291
859
555
978
976
693
778
206
453
256
952
830
699
384
793
707
271
592
297
580
398
741
242
218
206
92
834
237
976
57
369
566
946
157
737
321
817
219
878
890
931
175
565
120
394
403
192
690
605
896
759
29
464
445
283
431
756
959
955
755
138
653
458
113
832
935
232
105
926
827
284
460
970
3
947
400
199
326
314
542
972
569
824
321
529
882
815
380
109
49
793
249
3
340
678
338
378
461
835
6
483
282
567
442
966
200
992
120
645
781
219
209
786
265
952
875
364
752
3
847
76
431
198
233
71
496
108
517
628
195
456
763
661
347
860
390
858
995
583
550
568
827
590
816
225
267
162
495
526
930
402
146
351
219
895
570
82
205
661
21
418
494
250
244
783
795
575
317
251
582
731
630
661
741
775
951
998
715
908
922
225
901
753
26
584
875
976
261
9
224
184
88
159
744
389
581
717
134
187
227
597
391
818
347
175
742
531
418
253
637
489
648
683
357
395
771
316
306
46
337
279
917
191
296
241
759
117
780
124
7
221
420
860
713
631
457
602
604
830
501
386
165
909
131
447
789
853
985
127
68
483
39
833
296
422
307
442
558
30
394
990
724
0
556
668
752
958
669
787
737
243
564
648
744
276
42
10
122
394
456
468
77
188
933
873
196
290
491
911
337
996
389
393
862
121
783
872
632
995
114
548
105
391
699
413
913
162
246
926
575
167
52
241
121
446
782
693
558
950
45
43
476
355
712
769
788
707
329
5
230
418
748
332
729
853
821
475
691
339
13
993
274
200
65
584
661
971
399
784
786
751
885
796
564
55
400
464
408
18
806
455
908
271
336
884
605
554
408
422
356
827
187
575
29
848
978
357
59
729
931
191
563
769
263
788
275
660
288
284
247
972
329
466
80
110
842
681
329
905
326
636
928
22
290
930
868
475
109
6
585
42
511
741
398
663
687
488
919
166
125
129
892
771
56
562
21
131
332
368
672
591
364
815
177
137
889
104
908
806
964
997
490
604
934
462
30
621
449
243
483
114
417
865
572
507
365
570
919
34
533
125
511
775
799
620
516
70
761
404
745
565
53
648
434
889
68
582
160
33
160
43
291
674
499
946
995
1
37
647
66
631
126
938
873
878
417
895
238
538
520
315
599
451
482
281
302
527
278
122
688
188
842
714
219
979
917
775
780
832
909
677
523
838
525
381
875
479
767
876
506
985
322
255
33
389
472
12
936
313
575
956
682
604
426
21
928
369
691
540
452
205
519
192
964
467
925
361
129
215
733
406
236
104
794
166
668
758
67
519
510
882
563
827
209
597
107
736
540
345
657
78
855
595
704
611
907
938
883
954
743
674
815
139
672
433
172
828
635
379
535
484
626
328
871
280
730
306
762
255
285
325
564
624
760
935
420
539
339
608
938
101
32
523
736
909
722
33
301
539
508
295
784
440
778
582
543
745
520
736
619
653
806
818
368
414
620
749
102
956
784
903
239
269
641
990
630
985
470
13
136
705
320
551
578
119
761
279
342
833
360
482
883
119
859
397
815
172
31
488
372
594
254
780
325
206
317
632
28
546
97
943
113
369
238
526
488
605
796
745
776
292
30
237
20
641
496
80
695
983
580
453
329
265
745
395
912
844
929
397
429
926
846
540
133
303
440
617
520
53
325
511
849
431
533
276
59
367
337
585
908
922
760
799
24
484
565
577
485
348
65
216
142
543
936
305
239
48
763
899
60
509
913
13
198
781
946
668
731
405
106
810
425
497
671
722
639
824
23
32
591
257
408
470
884
898
117
352
676
263
618
825
562
879
541
655
643
994
65
281
978
574
480
361
738
721
620
308
128
785
130
357
131
183
699
402
57
850
921
95
343
624
850
326
492
119
404
105
899
626
85
990
227
375
790
656
772
933
684
510
928
635
906
909
276
899
118
577
906
69
910
409
165
624
223
7
719
875
818
423
762
802
604
151
641
260
336
205
690
201
698
791
428
713
331
642
807
920
956
822
67
709
985
761
376
378
364
800
407
917
275
661
509
469
423
921
74
233
666
690
481
770
380
472
550
760
673
522
838
298
122
974
216
559
511
717
855
42
119
244
456
859
547
479
7
831
629
80
336
697
592
757
828
250
708
992
107
764
168
135
728
445
412
108
765
879
371
455
531
956
817
752
862
142
999
865
156
669
208
519
192
281
750
961
831
159
790
576
150
425
133
527
142
166
429
813
598
129
33
669
387
437
905
975
341
533
1
351
577
241
140
826
119
205
377
473
479
268
807
575
261
787
963
940
886
128
922
764
798
24
5
770
640
367
481
677
745
363
447
277
385
786
207
127
503
793
739
603
968
990
267
103
19
541
142
836
372
191
711
766
883
665
539
882
520
793
957
895
798
275
420
775
217
129
427
127
261
953
378
10
900
408
694
692
524
148
858
762
307
120
383
135
671
472
672
736
6
532
763
545
455
250
556
873
284
604
292
72
765
968
57
738
729
638
443
315
43
980
851
793
975
205
287
505
496
289
734
762
839
870
733
598
642
604
731
839
678
542
96
902
610
907
524
702
35
300
135
0
5
577
405
239
677
277
291
803
976
664
275
907
926
970
439
779
665
324
326
293
820
547
696
148
514
638
168
996
861
799
565
638
231
278
868
559
224
209
726
447
204
240
266
879
720
180
743
587
657
736
759
448
690
463
499
23
752
813
519
775
299
586
290
809
395
561
245
789
484
935
973
90
368
494
71
362
696
713
207
491
638
202
716
522
906
767
291
75
911
755
151
539
962
417
282
614
846
28
923
348
686
953
356
167
432
286
590
944
802
636
275
447
309
47
232
344
594
598
405
866
949
430
459
292
221
1
73
225
484
660
162
594
417
118
734
866
32
940
571
669
11
169
849
49
463
219
527
959
150
385
557
507
908
88
783
574
168
637
98
93
809
756
494
698
146
199
928
616
652
139
747
61
134
236
546
32
491
281
349
641
793
178
190
792
185
926
191
893
400
137
641
119
681
378
643
32
676
26
854
637
719
816
193
772
96
618
501
726
492
94
655
107
151
159
741
85
568
11
287
29
632
313
684
770
896
608
62
528
716
826
67
660
463
799
48
534
468
302
948
759
718
950
615
778
909
331
629
871
470
645
699
274
325
762
941
795
713
651
761
542
253
771
908
122
743
692
630
15
926
492
996
552
101
733
203
344
726
851
356
802
469
86
352
304
434
791
161
253
18
879
154
934
227
210
756
466
754
331
734
643
635
281
377
973
44
367
45
579
110
250
28
305
513
323
289
691
748
940
315
493
725
303
852
468
363
450
592
217
597
711
93
318
886
400
6
977
952
527
971
669
674
364
49
336
784
432
946
528
478
533
288
966
8
576
179
372
56
103
556
922
421
845
781
572
612
453
600
464
726
163
769
572
990
493
424
508
805
976
199
617
84
935
572
173
693
598
867
810
254
942
924
754
20
385
500
970
224
876
210
656
936
517
689
299
237
338
741
193
867
776
156
315
523
429
458
149
257
893
592
274
210
593
675
149
535
639
85
362
14
26
466
906
379
257
352
629
171
685
307
762
112
348
317
826
614
860
127
787
104
521
47
536
816
806
886
230
138
242
780
625
363
346
673
932
955
517
267
0
276
413
968
860
214
896
239
667
425
894
879
939
734
533
555
817
515
569
600
737
705
111
93
715
154
904
446
306
460
387
285
815
309
235
533
882
83
272
508
824
649
993
189
408
199
967
279
863
447
20
694
795
55
738
4
629
704
881
19
399
282
864
969
397
674
645
785
473
809
247
930
846
530
352
334
486
503
601
921
951
520
981
52
552
362
727
813
369
248
256
205
912
841
360
422
496
765
910
326
524
573
347
260
402
22
664
782
858
474
31
300
741
659
343
437
755
477
194
157
188
999
449
39
664
581
15
789
243
925
594
289
856
971
342
318
694
732
923
432
864
803
863
133
54
332
895
790
272
187
702
326
835
296
864
543
732
169
112
51
666
3
678
317
792
423
12
484
944
613
39
49
371
40
731
342
908
366
415
403
140
817
768
742
760
679
498
806
976
139
113
437
193
61
29
103
601
821
627
979
498
455
616
5
415
155
872
325
428
229
685
688
131
388
844
560
889
520
874
323
79
381
676
109
227
567
811
667
423
905
461
285
105
421
536
103
394
362
930
989
603
949
173
600
680
654
222
785
568
465
620
344
517
604
61
545
198
75
372
668
581
710
207
432
722
836
189
476
77
263
181
689
779
963
745
119
40
892
418
331
435
723
204
186
855
68
466
68
845
8
309
335
807
378
885
343
56
271
378
912
775
791
716
760
442
139
303
851
790
250
475
907
701
700
719
564
209
450
973
538
516
15
585
200
18
455
955
990
646
875
284
438
665
886
453
171
594
24
322
454
983
452
806
590
169
543
880
819
278
224
75
736
759
446
716
674
354
267
212
801
218
651
941
563
690
368
562
143
961
142
191
548
182
998
487
751
453
601
852
171
122
235
416
656
922
289
547
562
362
240
182
389
31
92
699
842
907
329
560
889
793
642
344
267
784
659
201
402
380
341
917
31
338
134
736
856
49
267
16
228
38
483
531
124
40
0
378
680
355
293
930
947
960
751
547
925
217
361
290
283
361
416
809
68
922
191
279
594
136
824
2
995
531
80
391
276
875
910
700
49
668
432
702
67
176
585
676
118
971
875
92
254
730
877
827
550
997
545
992
492
628
853
794
444
293
227
944
864
563
263
839
217
426
901
502
212
223
357
533
220
445
84
44
856
554
792
136
32
584
663
952
817
975
605
822
459
79
200
776
556
964
729
526
843
746
882
383
930
304
46
932
481
961
473
126
507
421
830
683
327
822
543
875
806
438
108
841
3
974
347
580
692
65
168
982
340
240
201
308
738
94
417
212
889
139
423
653
413
126
410
0
407
124
219
612
557
597
7
775
1
445
672
440
700
744
895
57
415
631
87
467
214
527
849
505
42
856
544
479
345
315
248
739
107
709
728
865
204
160
73
84
705
129
202
512
937
460
194
549
993
91
81
542
820
318
754
496
894
548
769
534
891
559
581
921
896
198
211
988
357
428
511
965
462
997
319
424
973
641
534
614
798
177
961
570
775
231
273
444
809
754
14
783
935
574
781
381
906
994
278
482
646
995
212
837
917
846
201
995
846
651
270
870
74
837
724
403
899
85
202
129
672
359
763
109
897
212
355
171
676
134
766
406
658
282
101
73
370
224
422
398
919
278
702
795
672
370
558
589
924
742
383
116
591
366
172
78
558
901
523
919
755
701
103
774
677
486
261
195
48
438
248
565
948
270
731
208
813
461
883
787
822
349
559
47
722
427
92
164
585
29
641
382
123
932
820
36
996
761
912
25
172
484
204
219
409
799
456
697
676
401
502
26
381
102
267
209
980
556
561
268
349
944
906
659
359
127
219
141
497
481
283
702
409
463
694
102
435
157
434
83
666
851
525
366
726
509
985
355
338
474
317
698
856
506
90
10
748
305
583
573
226
608
161
655
661
378
418
392
604
676
412
281
691
86
43
587
620
446
652
219
543
380
86
785
197
535
76
224
661
206
843
832
170
780
398
631
513
202
964
46
50
456
539
447
930
79
931
988
715
141
969
691
17
171
366
511
65
812
796
232
696
203
149
137
845
519
503
194
972
787
192
852
472
502
346
466
972
769
946
679
287
6
323
274
42
798
674
278
958
859
358
94
327
740
935
461
927
623
368
524
576
688
33
341
650
144
149
828
917
113
165
694
564
453
543
793
726
71
719
587
42
633
295
174
910
444
86
600
388
382
547
274
834
246
549
310
684
563
577
915
312
378
494
238
542
206
744
798
850
946
967
505
584
402
59
517
778
472
62
870
440
866
30
598
173
408
230
124
971
131
921
91
170
921
994
586
690
598
186
332
130
276
79
798
916
178
397
286
455
3
171
899
224
558
37
375
854
867
82
752
609
981
505
718
943
98
29
760
546
599
170
863
889
320
450
444
162
526
457
757
969
842
881
170
359
533
827
406
569
810
187
545
900
323
230
346
986
360
243
970
860
950
459
652
685
435
790
816
134
792
404
151
803
760
204
536
481
997
188
57
130
2
294
305
919
586
300
346
928
543
0
781
267
79
986
974
631
521
510
654
812
366
777
886
130
242
712
481
106
225
765
171
308
294
111
582
829
303
901
835
749
340
183
397
747
246
82
137
38
941
629
641
585
834
828
625
681
323
569
833
366
349
345
640
764
171
98
322
573
348
776
696
540
259
870
253
848
648
287
297
500
908
961
319
311
337
658
321
13
592
250
395
185
196
357
925
13
724
971
33
104
454
198
773
922
655
656
91
167
687
94
363
950
393
748
986
908
120
326
532
242
412
521
732
512
492
548
853
300
254
926
369
195
74
149
686
771
829
688
145
299
856
210
866
703
632
756
87
811
921
653
268
635
828
320
0
806
888
114
260
749
300
943
212
491
586
785
352
618
24
43
4
751
896
816
50
220
31
587
682
793
922
642
864
677
988
276
747
526
228
308
446
419
3
570
431
179
196
796
773
940
492
878
231
273
337
875
744
865
7
102
526
176
173
170
441
876
191
706
409
766
180
309
48
699
655
658
302
511
59
189
356
301
575
923
768
660
905
15
391
433
23
345
240
645
936
424
117
212
161
772
829
810
692
354
909
193
707
301
781
643
874
181
22
32
26
871
689
293
130
889
755
217
64
992
549
45
150
848
791
104
943
487
308
204
744
998
369
352
83
533
95
675
47
882
153
290
532
102
391
782
586
860
64
949
665
719
30
587
162
175
259
948
317
631
786
633
756
230
257
253
764
887
354
307
492
384
440
126
295
188
894
700
627
525
955
872
507
89
986
939
242
976
398
654
542
640
315
598
828
956
647
60
634
951
712
696
199
977
319
641
871
797
514
732
403
207
799
47
845
956
67
129
345
767
187
688
30
341
442
782
620
863
978
632
640
298
446
332
475
260
635
559
545
484
598
353
132
342
352
486
633
547
247
33
370
985
510
815
475
492
405
749
136
824
163
990
51
954
103
957
260
130
510
124
72
959
39
7
484
319
971
168
179
953
960
104
971
458
628
894
718
159
118
455
852
397
944
346
262
187
208
14
533
441
511
179
137
160
553
810
686
837
554
594
568
603
362
608
495
804
127
946
197
260
738
608
973
570
12
159
334
651
470
83
956
5
23
865
360
757
624
918
86
445
468
696
540
190
579
463
890
573
661
983
788
53
964
84
693
530
531
58
742
429
227
745
140
25
508
33
776
288
215
144
39
706
610
565
610
636
61
944
688
769
458
288
559
976
210
432
465
457
385
23
675
741
475
938
153
409
321
561
925
190
315
275
895
601
634
374
366
410
181
975
245
355
208
578
56
431
622
7
269
516
707
249
304
14
540
940
303
690
530
802
948
931
433
954
361
149
126
759
989
580
399
184
469
503
677
848
262
439
861
28
478
334
412
221
82
390
784
186
562
287
883
3
993
99
274
435
321
322
253
507
427
270
551
719
156
466
964
216
427
668
786
213
78
331
329
351
180
871
692
472
270
620
897
254
687
10
733
1
331
717
936
247
795
156
712
113
350
303
914
388
59
138
547
494
546
480
964
994
435
334
564
946
367
918
207
352
571
140
700
577
210
329
557
902
898
305
647
737
127
419
826
72
779
901
930
849
375
265
347
683
11
591
524
68
17
984
802
556
536
797
893
101
372
794
559
445
451
763
664
250
995
601
776
130
390
208
820
987
839
720
265
861
47
478
439
530
760
143
180
543
283
433
210
459
132
805
850
304
947
940
519
458
662
445
240
251
881
433
749
377
536
787
931
117
323
367
450
625
592
550
139
261
135
843
935
581
278
566
763
827
461
882
320
748
940
764
918
682
48
586
481
534
452
334
580
103
484
574
521
388
445
90
202
441
761
657
642
865
806
775
637
809
46
391
182
885
145
913
807
633
694
705
115
958
513
28
960
951
702
191
488
430
723
230
438
440
364
765
933
298
560
430
20
263
825
144
830
551
689
385
990
165
48
552
984
29
545
105
699
24
660
350
538
901
703
814
682
310
485
876
725
660
560
319
13
8
675
553
356
80
576
263
864
634
161
820
532
143
130
874
210
927
683
22
541
597
931
167
866
438
751
587
182
324
307
333
298
506
255
911
924
283
91
367
784
899
821
186
763
865
871
114
287
847
126
253
691
568
252
964
442
253
407
108
188
644
995
420
81
750
162
859
521
931
276
542
498
285
746
100
729
725
955
862
321
989
913
813
65
164
14
809
335
183
89
404
474
434
597
409
174
875
360
164
121
527
16
872
946
819
449
255
105
465
324
793
361
861
42
459
250
211
606
835
692
399
320
911
413
81
205
359
763
51
564
565
126
824
556
335
660
466
233
726
936
904
125
103
565
539
170
796
772
59
342
174
277
874
664
496
97
565
943
195
206
803
794
210
988
539
322
41
13
638
787
791
762
678
353
709
864
842
944
498
593
39
756
860
198
572
246
301
322
490
680
680
682
622
863
374
409
869
839
658
64
107
494
69
195
15
798
110
934
894
286
738
822
323
162
796
980
712
166
929
44
588
178
394
932
993
159
447
943
944
536
421
538
732
875
395
598
488
687
335
396
317
184
376
735
443
349
599
82
355
395
759
850
536
938
814
558
720
253
791
956
346
807
822
765
998
929
615
272
227
992
787
789
137
43
352
407
836
418
59
540
761
274
77
17
184
69
207
358
902
382
652
330
734
106
450
407
772
834
803
613
638
917
62
837
519
578
381
19
416
147
644
927
477
670
205
61
754
957
522
216
88
693
680
525
520
99
44
123
763
890
61
441
332
970
781
8
98
930
21
360
533
534
732
670
500
795
404
874
145
679
682
430
610
199
760
987
789
504
760
94
847
206
847
232
169
347
147
843
63
319
331
943
878
430
434
341
458
95
295
635
617
392
635
502
687
663
736
838
255
579
243
435
851
946
718
461
321
252
709
577
266
916
794
263
199
350
711
768
218
83
224
566
422
866
514
403
533
842
28
211
940
706
552
390
564
217
310
93
808
49
846
942
542
501
951
667
324
980
393
244
521
206
572
381
325
67
786
66
165
307
984
934
303
568
124
547
734
647
835
644
410
126
866
559
360
263
935
238
802
490
492
20
738
642
886
588
552
109
224
485
174
863
47
851
428
472
658
591
996
345
713
222
980
351
886
910
324
454
308
957
331
910
866
900
307
947
180
729
453
374
511
858
946
305
903
669
391
576
95
21
611
155
123
310
385
184
445
98
61
893
627
636
277
67
386
825
229
774
129
158
583
481
428
333
197
238
26
385
84
891
38
409
311
816
583
178
189
253
76
636
560
793
192
878
267
525
429
734
15
886
545
72
274
641
210
384
748
249
214
67
335
309
987
327
899
829
608
268
796
658
958
682
1
373
815
481
873
279
57
831
571
608
623
835
970
708
893
513
171
15
981
143
669
593
835
220
484
645
529
216
738
795
712
135
219
686
892
263
379
319
2
888
646
696
664
491
171
5
129
619
686
876
181
880
65
93
281
427
702
437
623
908
428
429
685
855
779
47
434
101
869
592
379
542
875
977
313
876
90
911
340
586
56
355
488
20
119
124
586
209
868
488
575
562
940
706
841
70
973
621
703
278
628
22
632
164
264
783
508
617
81
656
391
603
606
377
459
117
443
186
760
144
123
515
195
752
432
239
273
361
724
259
262
448
690
749
86
358
734
263
438
31
142
547
208
689
124
833
754
760
465
923
746
846
967
385
408
688
771
776
664
651
941
494
818
261
653
361
136
105
412
893
131
426
900
484
202
368
181
863
689
128
525
83
618
270
323
751
562
366
913
530
602
793
83
545
136
498
800
294
402
879
916
756
583
669
599
967
746
733
918
472
195
203
964
926
188
693
940
673
5
464
438
503
564
437
516
313
661
571
431
336
705
702
499
377
766
630
931
144
763
706
907
688
110
19
912
112
876
821
190
929
917
496
830
829
617
741
961
146
579
692
398
243
928
66
732
671
988
751
989
187
602
518
703
818
277
37
727
669
791
572
92
550
885
267
622
934
982
300
281
703
7
544
658
107
76
421
796
211
540
109
879
580
842
738
775
491
979
445
68
753
321
854
683
674
275
749
872
999
70
327
278
20
781
620
677
188
440
901
319
384
420
884
55
918
975
812
6
142
22
222
379
64
821
789
959
225
618
954
570
21
30
353
605
486
497
172
45
498
905
374
352
739
502
255
120
624
966
38
449
48
360
902
609
110
743
303
627
273
981
957
423
219
65
230
698
721
214
884
101
849
954
546
772
167
904
364
478
923
794
287
76
692
622
327
976
440
691
15
972
251
9
787
459
108
75
194
32
664
170
935
769
654
167
111
999
921
220
341
517
988
119
384
707
735
772
462
742
760
159
274
877
61
347
576
666
454
89
42
892
399
688
251
245
891
589
824
901
412
823
406
450
103
690
367
361
669
126
959
318
619
764
906
315
547
973
0
961
755
646
960
105
820
859
250
645
69
7
681
553
253
221
93
871
928
111
463
547
313
400
717
27
101
416
757
994
848
36
983
27
449
623
771
756
152
73
505
30
408
217
735
295
784
530
773
626
739
352
692
84
407
222
93
156
603
102
351
822
209
244
24
483
643
487
636
345
682
900
179
403
73
608
949
349
432
122
777
854
876
444
91
49
804
564
507
402
271
587
338
178
585
937
400
391
732
402
17
851
91
297
558
551
218
856
639
853
209
513
710
527
816
676
199
606
828
398
571
626
174
274
908
947
709
182
451
914
682
877
445
376
890
348
60
624
32
923
769
451
800
891
0
337
281
158
340
14
810
511
633
1
21
863
792
468
376
313
205
488
240
851
4
33
272
841
290
138
112
432
776
316
25
531
458
256
612
182
350
823
386
957
600
985
886
343
290
546
175
909
977
334
634
273
227
837
844
516
332
311
12
368
135
532
247
855
969
504
949
878
690
642
265
10
997
120
511
13
375
561
509
93
548
878
684
466
933
478
944
609
429
596
786
1
979
679
975
17
426
190
321
101
987
294
403
299
836
513
418
550
922
269
175
222
482
582
154
450
950
393
888
716
43
590
452
727
582
200
124
439
70
5
418
180
629
997
115
613
665
160
309
749
727
777
641
69
23
857
407
534
130
729
945
896
216
912
104
988
126
196
643
331
812
409
758
321
901
227
838
762
599
74
570
15
595
913
62
676
615
499
529
617
78
355
38
563
153
398
648
615
806
943
559
994
703
534
583
464
926
918
767
127
420
1
63
767
153
995
410
840
165
216
227
824
637
307
484
735
161
148
314
337
923
372
573
928
202
264
803
188
396
728
851
720
242
899
503
705
853
1
634
613
582
316
553
734
443
332
399
306
510
478
665
320
839
744
664
305
978
515
428
441
459
902
125
704
534
291
917
938
995
968
98
543
646
732
111
999
829
579
954
446
186
136
432
224
232
334
469
553
475
692
288
731
336
307
642
309
75
621
903
613
880
547
717
418
265
370
785
504
789
620
546
248
386
127
285
331
546
148
615
60
88
806
537
535
614
244
573
138
671
829
768
470
391
615
8
322
898
396
252
724
418
434
642
396
850
445
579
568
623
404
955
230
223
900
261
241
993
605
187
706
972
231
643
490
300
160
478
674
886
725
898
112
877
266
231
254
925
16
694
408
733
698
684
122
770
956
55
252
638
689
888
67
831
87
206
925
467
161
59
584
185
25
456
495
364
440
372
378
721
243
649
441
287
995
839
574
782
154
754
260
807
725
15
967
524
882
588
257
593
399
349
998
247
4
466
389
498
455
645
348
504
522
10
287
305
531
848
124
550
40
556
46
507
100
284
211
558
475
137
604
625
14
941
298
292
75
212
735
347
636
928
952
79
554
12
645
408
254
698
313
120
635
168
853
115
836
708
428
650
134
665
210
71
585
170
614
275
840
787
841
51
930
838
337
706
21
91
815
607
583
993
674
94
384
1
109
517
639
323
348
525
919
656
750
560
669
525
15
233
17
441
397
503
871
686
645
404
777
467
586
146
243
666
369
397
522
861
259
788
681
804
480
696
818
497
956
767
742
61
417
674
881
195
169
794
965
210
294
450
337
592
1
510
469
1
659
865
925
967
883
916
959
316
716
970
715
138
641
720
119
900
696
66
684
789
177
369
712
102
66
960
881
6
144
998
994
609
660
790
501
67
39
729
597
470
499
270
519
6
744
639
877
22
728
357
414
4
832
534
661
455
355
202
565
241
156
118
54
775
688
351
470
533
253
264
455
758
171
295
232
1
78
153
931
552
261
366
115
562
994
87
664
576
278
108
745
653
560
842
524
270
250
57
429
657
609
340
200
394
279
346
260
568
630
585
47
518
67
322
904
405
796
999
581
774
23
569
49
782
825
383
617
907
568
552
820
635
542
761
629
323
362
731
582
261
252
435
131
987
293
269
784
487
33
643
311
413
738
118
826
456
586
424
817
673
37
248
377
527
152
244
42
64
594
693
402
677
573
468
571
787
193
506
382
470
566
118
35
808
91
391
679
367
456
689
839
69
572
677
263
73
340
616
978
2
817
165
557
708
404
751
452
27
657
423
264
468
398
484
836
100
310
848
379
39
494
742
553
802
66
202
706
541
685
577
306
648
164
152
913
398
782
304
514
775
706
190
865
639
709
209
480
260
823
757
332
973
504
996
792
261
444
860
166
207
800
548
373
980
591
231
772
407
630
939
401
610
729
556
526
233
624
226
864
612
857
785
246
827
755
542
675
769
348
263
399
739
848
131
696
42
934
585
145
148
689
117
780
560
560
613
921
544
114
737
339
305
346
265
59
726
874
137
916
83
727
279
298
213
113
444
879
711
829
305
19
695
193
49
328
559
540
548
296
559
863
157
747
55
140
657
896
418
817
527
591
727
49
719
849
513
736
579
661
926
264
874
169
613
765
355
416
408
481
671
205
209
44
975
573
153
420
36
50
740
901
246
258
752
710
804
946
475
976
226
904
804
883
121
700
498
566
968
18
202
835
880
358
684
573
117
876
788
639
488
452
990
18
489
863
450
426
690
72
176
813
735
345
45
682
802
25
715
322
811
127
78
309
652
558
923
813
986
269
163
191
223
882
965
971
181
498
138
224
533
7
258
428
381
191
980
752
304
645
162
29
448
182
787
389
526
98
882
816
530
796
411
217
86
200
494
180
236
633
188
254
337
724
126
89
257
748
622
11
577
50
53
802
267
865
995
950
404
12
740
714
410
93
288
537
9
74
499
265
716
902
131
63
913
337
569
959
5
557
534
437
47
966
182
717
801
685
698
187
584
730
823
184
293
747
844
474
683
381
234
999
305
789
716
526
922
28
837
386
487
149
928
187
783
540
691
211
949
165
733
234
543
822
646
878
975
50
422
706
650
803
317
26
605
219
34
656
264
367
823
463
515
593
714
34
573
168
22
751
563
750
919
325
933
262
141
519
500
896
544
588
840
642
538
820
302
980
250
762
255
24
788
641
867
797
821
860
484
143
429
365
232
156
773
289
557
837
176
671
105
767
262
379
186
637
755
956
135
172
399
670
210
522
662
876
861
932
655
78
289
411
970
218
310
362
963
954
741
903
915
58
753
59
165
485
555
944
214
195
445
430
790
177
518
26
147
813
716
395
188
436
240
514
763
969
323
478
52
636
79
408
346
726
552
74
185
884
417
71
662
63
123
415
122
743
191
418
901
199
717
534
48
113
725
95
667
719
795
57
156
659
360
549
649
340
3
462
901
750
110
783
990
188
892
891
208
468
889
280
362
7
170
728
901
211
852
478
277
31
856
354
888
83
868
345
972
226
588
108
574
85
383
442
108
653
295
309
227
668
960
398
820
712
865
70
130
101
208
763
303
118
288
91
860
336
190
663
103
763
146
519
559
198
944
734
499
350
941
338
304
266
895
714
369
390
974
268
441
890
143
506
540
711
982
96
123
885
315
885
550
700
462
428
932
69
869
934
367
523
644
301
842
660
267
263
996
582
155
981
182
272
274
751
160
78
839
407
466
632
159
942
574
424
878
886
483
734
673
94
651
961
943
43
830
284
208
313
768
955
702
326
486
777
824
55
910
616
142
410
460
227
734
